GCF_000008665.1_ASM866v1_genomic,77744,1000,65
GCF_000008665.1_ASM866v1_genomic,77744,10000,450
GCF_000008665.1_ASM866v1_genomic,77744,100000,4757
GCF_000008665.1_ASM866v1_genomic,77744,1000000,43786
GCF_000800805.1_ASM80080v1_genomic,72658,1000,41
GCF_000800805.1_ASM80080v1_genomic,72658,10000,426
GCF_000800805.1_ASM80080v1_genomic,72658,100000,4231
GCF_000800805.1_ASM80080v1_genomic,72658,1000000,43556
GCF_002156965.1_ASM215696v1_genomic,75568,1000,42
GCF_002156965.1_ASM215696v1_genomic,75568,10000,449
GCF_002156965.1_ASM215696v1_genomic,75568,100000,4633
GCF_002156965.1_ASM215696v1_genomic,75568,1000000,43427
GCF_002844195.1_ASM284419v1_genomic,76814,1000,47
GCF_002844195.1_ASM284419v1_genomic,76814,10000,472
GCF_002844195.1_ASM284419v1_genomic,76814,100000,5023
GCF_002844195.1_ASM284419v1_genomic,76814,1000000,46902
GCF_000092305.1_ASM9230v1_genomic,69262,1000,424
GCF_000092305.1_ASM9230v1_genomic,69262,10000,883
GCF_000092305.1_ASM9230v1_genomic,69262,100000,870929
GCF_000092305.1_ASM9230v1_genomic,69262,1000000,150013
GCF_001633105.1_ASM163310v1_genomic,52012,1000,37
GCF_001633105.1_ASM163310v1_genomic,52012,10000,399
GCF_001633105.1_ASM163310v1_genomic,52012,100000,4603
GCF_001633105.1_ASM163310v1_genomic,52012,1000000,67377
GCF_002214385.1_ASM221438v1_genomic,57494,1000,38
GCF_002214385.1_ASM221438v1_genomic,57494,10000,531
GCF_002214385.1_ASM221438v1_genomic,57494,100000,4860
GCF_002214385.1_ASM221438v1_genomic,57494,1000000,35584
GCF_003434225.1_ASM343422v1_genomic,70509,1000,45
GCF_003434225.1_ASM343422v1_genomic,70509,10000,444
GCF_003434225.1_ASM343422v1_genomic,70509,100000,4337
GCF_003434225.1_ASM343422v1_genomic,70509,1000000,43557
